2009 3 30 2 17 1.767804 1.08 0.548 23.027 11 42.328 13.33732 11.58 24.0
2009 3 30 12 51 22.117805 1.44 0.599 25.179 11 42.328 13.33732 11.58 25.0
2009 3 30 13 38 39.943604 4.82 0.493 19.899 15 42.34201 13.41437 7.12 23.0
2009 3 30 13 39 48.751130 2.73 0.369 14.603 14 42.33349 13.33823 7.82 15.0
2009 3 30 13 40 35.995304 1.45 0.414 17.753 2 42.32878 13.39447 9.61 18.0
2009 3 30 13 41 23.445305 1.95 0.7 30.045 2 42.32878 13.39447 9.61 27.0
2009 3 30 13 42 11.767804 1.28 0.331 13.887 11 42.328 13.33732 11.58 14.0
2009 3 30 13 43 27.445305 3.67 0.657 28.18 2 42.32878 13.39447 9.61 23.0
2009 3 30 13 45 57.405617 1.79 0.701 29.133 23 42.30452 13.38779 6.69 27.0
2009 3 30 13 46 50.936134 0.8 0.364 15.639 3 42.31941 13.40577 5.37 17.0
2009 3 30 13 47 50.436134 0.94 0.444 19.072 3 42.31941 13.40577 5.37 20.0
2009 3 30 13 48 2.695304 0.79 0.654 28.063 2 42.32878 13.39447 9.61 24.0
2009 3 30 13 48 22.117805 1.04 0.391 16.447 11 42.328 13.33732 11.58 16.0
2009 3 30 13 48 41.760026 1.36 0.634 25.358 0 42.38842 13.38347 11.18 20.0
2009 3 30 13 48 51.601131 1.24 0.334 13.221 14 42.33349 13.33823 7.82 16.0
2009 3 30 13 49 36.086135 0.99 0.582 24.976 3 42.31941 13.40577 5.37 21.0
2009 3 30 13 50 36.045305 0.83 0.598 25.673 2 42.32878 13.39447 9.61 23.0
2009 3 30 13 51 0.286135 0.77 0.328 14.096 3 42.31941 13.40577 5.37 17.0
2009 3 30 13 51 5.555661 0.98 0.314 13.022 6 42.31381 13.38686 6.27 12.0
2009 3 30 13 51 19.645305 0.34 0.358 15.369 2 42.32878 13.39447 9.61 14.0
2009 3 30 13 51 35.545305 0.48 0.432 18.531 2 42.32878 13.39447 9.61 15.0
2009 3 30 13 53 1.186135 0.73 0.49 21.049 3 42.31941 13.40577 5.37 22.0
2009 3 30 13 53 34.010027 2.02 0.406 16.213 0 42.38842 13.38347 11.18 17.0
2009 3 30 13 54 22.535431 1.12 0.493 19.812 12 42.31771 13.37035 10.57 20.0
2009 3 30 13 54 33.985432 1.14 0.465 18.691 12 42.31771 13.37035 10.57 17.0
2009 3 30 13 57 10.145305 1.48 0.751 32.197 2 42.32878 13.39447 9.61 27.0
2009 3 30 13 57 53.967803 1.19 0.399 16.759 11 42.328 13.33732 11.58 16.0
2009 3 30 13 59 27.836134 1.0 0.572 24.546 3 42.31941 13.40577 5.37 22.0
2009 3 30 14 0 22.745305 0.4 0.354 15.199 2 42.32878 13.39447 9.61 17.0
2009 3 30 14 1 9.095304 1.41 0.842 36.132 2 42.32878 13.39447 9.61 27.0
2009 3 30 14 1 40.345305 0.66 0.455 19.505 2 42.32878 13.39447 9.61 20.0
2009 3 30 14 2 20.255618 1.2 0.588 24.463 23 42.30452 13.38779 6.69 24.0
2009 3 30 14 2 30.141041 0.66 0.32 13.869 17 42.32332 13.39272 8.67 15.0
2009 3 30 14 2 48.743604 1.19 0.313 12.659 15 42.34201 13.41437 7.12 13.0
2009 3 30 14 2 59.595304 0.38 0.399 17.1 2 42.32878 13.39447 9.61 17.0
2009 3 30 14 3 19.655618 1.06 0.385 16.022 23 42.30452 13.38779 6.69 15.0
2009 3 30 14 4 17.145305 0.33 0.381 16.353 2 42.32878 13.39447 9.61 17.0
2009 3 30 14 4 34.460026 1.3 1.0 39.977 0 42.38842 13.38347 11.18 27.0
2009 3 30 14 6 55.745305 0.32 0.326 14.001 2 42.32878 13.39447 9.61 13.0
2009 3 30 14 7 51.895304 1.15 0.753 32.299 2 42.32878 13.39447 9.61 27.0
2009 3 30 14 9 13.286135 0.63 0.285 12.244 3 42.31941 13.40577 5.37 11.0
2009 3 30 14 9 53.395304 0.59 0.452 19.386 2 42.32878 13.39447 9.61 17.0
2009 3 30 14 10 16.655661 0.89 0.356 14.746 6 42.31381 13.38686 6.27 15.0
2009 3 30 14 10 35.995304 1.02 0.398 17.061 2 42.32878 13.39447 9.61 16.0
2009 3 30 14 10 45.055618 2.77 0.559 23.237 23 42.30452 13.38779 6.69 24.0
2009 3 30 14 11 4.905617 2.61 0.522 21.702 23 42.30452 13.38779 6.69 21.0
2009 3 30 14 13 4.595304 0.66 0.496 21.262 2 42.32878 13.39447 9.61 19.0
2009 3 30 14 13 23.545305 0.58 0.523 22.421 2 42.32878 13.39447 9.61 23.0
2009 3 30 14 14 37.560026 1.68 0.62 24.803 0 42.38842 13.38347 11.18 24.0
2009 3 30 14 15 4.271038 1.5 1.0 40.999 1 42.33004 13.38981 9.17 27.0
2009 3 30 14 15 42.145305 0.56 0.514 22.034 2 42.32878 13.39447 9.61 21.0
2009 3 30 14 16 6.295304 1.6 1.0 42.9 2 42.32878 13.39447 9.61 27.0
2009 3 30 14 16 42.895304 0.55 0.443 19.015 2 42.32878 13.39447 9.61 20.0
2009 3 30 14 16 48.901131 1.34 0.468 18.508 14 42.33349 13.33823 7.82 19.0
2009 3 30 14 17 1.686135 1.4 1.0 42.95 3 42.31941 13.40577 5.37 27.0
2009 3 30 14 17 32.586135 1.09 0.485 20.829 3 42.31941 13.40577 5.37 21.0
2009 3 30 14 17 57.695304 0.55 0.291 12.49 2 42.32878 13.39447 9.61 10.0
2009 3 30 14 19 12.295304 0.76 0.573 24.561 2 42.32878 13.39447 9.61 22.0
2009 3 30 14 19 32.410027 1.41 0.508 20.312 0 42.38842 13.38347 11.18 18.0
2009 3 30 14 21 4.245305 0.44 0.366 15.704 2 42.32878 13.39447 9.61 15.0
2009 3 30 14 22 18.305617 1.06 0.363 15.097 23 42.30452 13.38779 6.69 16.0
2009 3 30 14 23 44.905660 0.92 0.398 16.515 6 42.31381 13.38686 6.27 17.0
2009 3 30 14 25 53.945305 0.45 0.396 16.976 2 42.32878 13.39447 9.61 17.0
2009 3 30 14 27 29.385432 1.07 0.398 15.984 12 42.31771 13.37035 10.57 15.0
2009 3 30 14 30 14.945305 0.8 0.629 26.978 2 42.32878 13.39447 9.61 26.0
2009 3 30 14 30 26.286135 0.9 0.316 13.579 3 42.31941 13.40577 5.37 13.0
2009 3 30 14 33 46.443604 1.78 0.751 30.342 15 42.34201 13.41437 7.12 26.0
2009 3 30 14 34 24.545305 0.54 0.477 20.449 2 42.32878 13.39447 9.61 20.0
2009 3 30 14 35 16.707335 1.3 1.0 38.473 4 42.59639 13.36791 5.71 27.0
2009 3 30 14 35 24.841040 0.89 0.388 16.803 17 42.32332 13.39272 8.67 22.0
2009 3 30 14 37 0.595304 2.21 0.663 28.424 2 42.32878 13.39447 9.61 26.0
2009 3 30 14 39 11.295304 0.74 0.635 27.22 2 42.32878 13.39447 9.61 24.0
2009 3 30 14 39 29.893605 1.71 0.532 21.473 15 42.34201 13.41437 7.12 23.0
2009 3 30 14 39 41.245305 0.8 0.535 22.944 2 42.32878 13.39447 9.61 25.0
2009 3 30 14 40 6.836134 0.86 0.351 15.057 3 42.31941 13.40577 5.37 15.0
2009 3 30 14 40 40.436134 0.81 0.414 17.785 3 42.31941 13.40577 5.37 17.0
2009 3 30 14 42 23.257893 1.3 1.0 39.997 5 42.256 13.45651 5.62 27.0
2009 3 30 14 45 39.993605 1.3 0.367 14.828 15 42.34201 13.41437 7.12 16.0
2009 3 30 14 46 17.941040 0.92 0.453 19.636 17 42.32332 13.39272 8.67 18.0
2009 3 30 14 47 8.643604 2.03 0.737 29.762 15 42.34201 13.41437 7.12 26.0
2009 3 30 14 47 49.645305 0.51 0.362 15.52 2 42.32878 13.39447 9.61 17.0
2009 3 30 14 49 48.085432 1.16 0.336 13.486 12 42.31771 13.37035 10.57 14.0
2009 3 30 14 50 1.995304 1.66 0.868 37.223 2 42.32878 13.39447 9.61 27.0
2009 3 30 14 50 34.545305 0.58 0.389 16.671 2 42.32878 13.39447 9.61 18.0
2009 3 30 14 51 2.345305 0.46 0.307 13.178 2 42.32878 13.39447 9.61 12.0
2009 3 30 14 51 31.310027 1.21 0.517 20.671 0 42.38842 13.38347 11.18 20.0
2009 3 30 14 52 15.135431 1.1 0.368 14.784 12 42.31771 13.37035 10.57 14.0
2009 3 30 14 57 49.405617 1.2 0.534 22.199 23 42.30452 13.38779 6.69 21.0
2009 3 30 14 59 10.745305 0.48 0.319 13.705 2 42.32878 13.39447 9.61 15.0
2009 3 30 14 59 27.645305 0.76 0.644 27.612 2 42.32878 13.39447 9.61 25.0
2009 3 30 14 59 45.847809 0.76 0.413 17.361 10 42.31176 13.39056 6.63 15.0
2009 3 30 15 0 4.445305 0.48 0.339 14.551 2 42.32878 13.39447 9.61 15.0
2009 3 30 15 6 21.143604 1.19 0.427 17.241 15 42.34201 13.41437 7.12 18.0
2009 3 30 15 8 48.095304 0.44 0.269 11.537 2 42.32878 13.39447 9.61 11.0
2009 3 30 15 10 34.655661 1.2 1.0 41.459 6 42.31381 13.38686 6.27 26.0
2009 3 30 15 11 14.845305 0.51 0.298 12.776 2 42.32878 13.39447 9.61 11.0
2009 3 30 15 13 27.057388 1.29 0.435 16.675 8 42.33182 13.32714 6.21 16.0
2009 3 30 15 14 0.895304 1.01 0.629 27.001 2 42.32878 13.39447 9.61 26.0
2009 3 30 15 17 48.897808 0.73 0.457 19.201 10 42.31176 13.39056 6.63 19.0
2009 3 30 15 19 31.285432 1.21 0.485 19.506 12 42.31771 13.37035 10.57 22.0
2009 3 30 15 20 17.743604 1.63 0.62 25.035 15 42.34201 13.41437 7.12 24.0
2009 3 30 15 20 50.391042 0.93 0.479 20.758 17 42.32332 13.39272 8.67 21.0
2009 3 30 15 21 2.205570 0.9 1.0 40.754 7 42.30006 13.49527 6.81 27.0
2009 3 30 15 22 49.036134 0.86 0.373 16.033 3 42.31941 13.40577 5.37 16.0
2009 3 30 15 23 15.436134 0.95 0.397 17.063 3 42.31941 13.40577 5.37 18.0
2009 3 30 15 24 32.101131 1.1 0.356 14.094 14 42.33349 13.33823 7.82 12.0
2009 3 30 15 24 58.555618 0.94 0.298 12.392 23 42.30452 13.38779 6.69 12.0
2009 3 30 15 26 20.552849 1.16 0.579 23.765 19 42.342 13.39902 9.79 22.0
2009 3 30 15 27 7.295304 1.8 0.814 34.905 2 42.32878 13.39447 9.61 24.0
2009 3 30 15 30 41.360026 1.14 0.395 15.786 0 42.38842 13.38347 11.18 14.0
2009 3 30 15 30 46.645305 0.92 0.514 22.05 2 42.32878 13.39447 9.61 22.0
2009 3 30 15 30 50.886135 1.18 0.347 14.907 3 42.31941 13.40577 5.37 16.0
2009 3 30 15 36 53.545305 0.59 0.412 17.667 2 42.32878 13.39447 9.61 15.0
2009 3 30 15 37 9.541040 1.34 0.751 32.523 17 42.32332 13.39272 8.67 26.0
2009 3 30 15 37 20.895304 0.79 0.446 19.115 2 42.32878 13.39447 9.61 20.0
2009 3 30 15 40 5.557388 1.4 1.0 38.291 8 42.33182 13.32714 6.21 27.0
2009 3 30 15 42 22.693605 1.14 0.343 13.865 15 42.34201 13.41437 7.12 12.0
2009 3 30 15 47 3.291041 0.71 0.447 19.383 17 42.32332 13.39272 8.67 18.0
2009 3 30 15 51 9.236134 1.77 0.786 33.742 3 42.31941 13.40577 5.37 26.0
2009 3 30 15 53 5.324652 1.2 1.0 40.87 9 42.27235 13.29606 8.69 26.0
2009 3 30 15 53 13.345305 0.9 0.546 23.421 2 42.32878 13.39447 9.61 25.0
2009 3 30 15 54 4.645305 0.76 0.569 24.423 2 42.32878 13.39447 9.61 22.0
2009 3 30 15 54 44.805617 1.44 0.621 25.834 23 42.30452 13.38779 6.69 24.0
2009 3 30 15 56 39.836134 0.79 0.391 16.808 3 42.31941 13.40577 5.37 18.0
2009 3 30 15 57 21.347809 1.0 1.0 42.033 10 42.31176 13.39056 6.63 27.0
2009 3 30 15 58 30.785432 1.15 0.439 17.629 12 42.31771 13.37035 10.57 19.0
2009 3 30 15 58 55.443604 1.31 0.505 20.379 15 42.34201 13.41437 7.12 21.0
2009 3 30 16 2 37.847809 0.68 0.3 12.623 10 42.31176 13.39056 6.63 12.0
2009 3 30 16 6 59.767804 1.6 1.0 42.012 11 42.328 13.33732 11.58 27.0
2009 3 30 16 13 20.005660 1.08 0.416 17.257 6 42.31381 13.38686 6.27 16.0
2009 3 30 16 14 23.845305 1.66 0.66 28.328 2 42.32878 13.39447 9.61 26.0
2009 3 30 16 16 28.895304 0.44 0.455 19.514 2 42.32878 13.39447 9.61 17.0
2009 3 30 16 17 35.895304 0.46 0.329 14.126 2 42.32878 13.39447 9.61 14.0
2009 3 30 16 22 40.205660 0.84 0.315 13.055 6 42.31381 13.38686 6.27 12.0
2009 3 30 16 26 13.386135 0.84 0.336 14.411 3 42.31941 13.40577 5.37 14.0
2009 3 30 16 28 12.235431 1.4 1.0 40.181 12 42.31771 13.37035 10.57 27.0
2009 3 30 16 28 18.760026 1.27 0.397 15.888 0 42.38842 13.38347 11.18 17.0
2009 3 30 16 32 58.260026 0.9 0.416 16.63 0 42.38842 13.38347 11.18 16.0
2009 3 30 16 36 29.441040 0.69 0.264 11.425 17 42.32332 13.39272 8.67 9.0
2009 3 30 16 40 19.693605 1.05 0.309 12.484 15 42.34201 13.41437 7.12 11.0
2009 3 30 16 46 8.505617 1.17 0.457 18.987 23 42.30452 13.38779 6.69 19.0
2009 3 30 16 47 5.545305 0.88 0.625 26.809 2 42.32878 13.39447 9.61 26.0
2009 3 30 16 48 7.945305 0.52 0.444 19.053 2 42.32878 13.39447 9.61 20.0
2009 3 30 16 53 7.657388 1.06 0.414 15.869 8 42.33182 13.32714 6.21 15.0
2009 3 30 16 54 34.195304 0.47 0.524 22.476 2 42.32878 13.39447 9.61 22.0
2009 3 30 16 54 43.045305 0.39 0.37 15.885 2 42.32878 13.39447 9.61 16.0
2009 3 30 16 57 24.345305 2.26 0.653 28.025 2 42.32878 13.39447 9.61 26.0
2009 3 30 16 58 52.745305 0.37 0.311 13.336 2 42.32878 13.39447 9.61 11.0
2009 3 30 17 0 44.157388 1.09 0.357 13.654 8 42.33182 13.32714 6.21 15.0
2009 3 30 17 4 31.581445 1.4 1.0 41.608 13 42.31908 13.39649 8.14 27.0
2009 3 30 17 6 48.774373 0.93 0.345 14.463 22 42.31577 13.38473 6.54 16.0
2009 3 30 17 11 33.495304 2.74 0.664 28.468 2 42.32878 13.39447 9.61 26.0
2009 3 30 17 13 31.095304 0.95 0.616 26.425 2 42.32878 13.39447 9.61 25.0
2009 3 30 17 14 3.695304 0.49 0.501 21.489 2 42.32878 13.39447 9.61 23.0
2009 3 30 17 15 58.301131 1.3 1.0 39.571 14 42.33349 13.33823 7.82 27.0
2009 3 30 17 18 32.417804 0.97 0.382 16.055 11 42.328 13.33732 11.58 17.0
2009 3 30 17 21 4.936134 0.8 0.568 24.416 3 42.31941 13.40577 5.37 21.0
2009 3 30 17 24 38.295304 0.27 0.367 15.743 2 42.32878 13.39447 9.61 15.0
2009 3 30 17 25 19.445305 0.11 0.302 12.943 2 42.32878 13.39447 9.61 13.0
2009 3 30 17 25 31.005617 0.8 0.399 16.578 23 42.30452 13.38779 6.69 17.0
2009 3 30 17 26 13.095304 0.37 0.492 21.088 2 42.32878 13.39447 9.61 21.0
2009 3 30 17 26 56.895304 0.62 0.55 23.575 2 42.32878 13.39447 9.61 22.0
2009 3 30 17 33 23.737435 1.0 0.4 16.527 26 42.30401 13.38767 6.47 18.0
2009 3 30 17 36 36.635431 0.83 0.378 15.19 12 42.31771 13.37035 10.57 15.0
2009 3 30 17 44 0.095304 0.92 0.737 31.617 2 42.32878 13.39447 9.61 26.0
2009 3 30 17 46 54.236134 0.67 0.437 18.757 3 42.31941 13.40577 5.37 18.0
2009 3 30 17 47 19.843604 1.5 1.0 40.384 15 42.34201 13.41437 7.12 27.0
2009 3 30 17 50 44.443604 0.94 0.318 12.829 15 42.34201 13.41437 7.12 13.0
2009 3 30 17 52 16.686135 0.74 0.415 17.817 3 42.31941 13.40577 5.37 18.0
2009 3 30 17 54 50.913277 0.97 0.374 14.331 20 42.33234 13.37897 8.2 15.0
2009 3 30 17 56 19.386135 0.85 0.475 20.408 3 42.31941 13.40577 5.37 22.0
2009 3 30 18 4 40.374372 0.91 0.395 16.583 22 42.31577 13.38473 6.54 19.0
2009 3 30 18 5 42.555618 0.76 0.375 15.581 23 42.30452 13.38779 6.69 15.0
2009 3 30 18 8 28.461187 1.0 1.0 38.41 16 42.30452 13.38869 7.82 27.0
2009 3 30 18 8 40.895304 0.45 0.434 18.61 2 42.32878 13.39447 9.61 18.0
2009 3 30 18 10 21.387435 0.87 0.404 16.676 26 42.30401 13.38767 6.47 19.0
2009 3 30 18 14 22.636134 1.64 0.525 22.545 3 42.31941 13.40577 5.37 22.0
2009 3 30 18 15 47.509095 2.0 0.796 32.254 21 42.4657 13.42597 19.82 27.0
2009 3 30 18 18 55.305660 0.69 0.297 12.314 6 42.31381 13.38686 6.27 11.0
2009 3 30 18 22 28.695304 0.54 0.47 20.156 2 42.32878 13.39447 9.61 18.0
2009 3 30 18 25 18.785432 0.88 0.337 13.558 12 42.31771 13.37035 10.57 11.0
2009 3 30 18 25 47.295304 0.25 0.394 16.901 2 42.32878 13.39447 9.61 14.0
2009 3 30 18 28 36.157388 1.08 0.458 17.521 8 42.33182 13.32714 6.21 17.0
2009 3 30 18 32 47.755661 1.12 0.494 20.488 6 42.31381 13.38686 6.27 21.0
2009 3 30 18 36 53.995304 0.45 0.473 20.293 2 42.32878 13.39447 9.61 19.0
2009 3 30 18 37 55.574373 0.89 0.39 16.36 22 42.31577 13.38473 6.54 17.0
2009 3 30 18 39 45.195304 0.35 0.56 24.036 2 42.32878 13.39447 9.61 25.0
2009 3 30 18 46 38.586135 0.54 0.481 20.674 3 42.31941 13.40577 5.37 22.0
2009 3 30 18 49 5.345305 0.23 0.433 18.554 2 42.32878 13.39447 9.61 20.0
2009 3 30 18 50 38.941040 0.46 0.356 15.423 17 42.32332 13.39272 8.67 16.0
2009 3 30 18 50 52.097808 0.44 0.375 15.766 10 42.31176 13.39056 6.63 12.0
2009 3 30 18 51 19.202851 0.75 0.538 22.046 19 42.342 13.39902 9.79 23.0
2009 3 30 18 55 12.955661 0.61 0.362 15.025 6 42.31381 13.38686 6.27 16.0
2009 3 30 18 57 10.045305 0.34 0.542 23.252 2 42.32878 13.39447 9.61 22.0
2009 3 30 19 5 29.355618 3.73 0.673 27.975 23 42.30452 13.38779 6.69 25.0
2009 3 30 19 7 44.363278 1.24 0.39 14.936 20 42.33234 13.37897 8.2 15.0
2009 3 30 19 8 22.755618 1.75 0.811 33.708 23 42.30452 13.38779 6.69 27.0
2009 3 30 19 8 57.991041 0.52 0.323 13.977 17 42.32332 13.39272 8.67 15.0
2009 3 30 19 9 18.805617 0.71 0.37 15.371 23 42.30452 13.38779 6.69 17.0
2009 3 30 19 10 0.355618 1.18 0.668 27.797 23 42.30452 13.38779 6.69 25.0
2009 3 30 19 10 11.395304 0.95 0.689 29.542 2 42.32878 13.39447 9.61 26.0
2009 3 30 19 10 35.805617 1.73 0.776 32.254 23 42.30452 13.38779 6.69 27.0
2009 3 30 19 10 58.355618 0.93 0.388 16.121 23 42.30452 13.38779 6.69 16.0
2009 3 30 19 12 6.545305 1.74 0.762 32.669 2 42.32878 13.39447 9.61 27.0
2009 3 30 19 12 32.845305 0.94 0.586 25.152 2 42.32878 13.39447 9.61 24.0
2009 3 30 19 13 33.845305 1.97 0.614 26.327 2 42.32878 13.39447 9.61 23.0
2009 3 30 19 14 1.486135 1.14 0.386 16.559 3 42.31941 13.40577 5.37 18.0
2009 3 30 19 14 38.755618 0.84 0.424 17.628 23 42.30452 13.38779 6.69 17.0
2009 3 30 19 15 4.845305 0.27 0.367 15.739 2 42.32878 13.39447 9.61 16.0
2009 3 30 19 15 22.995304 0.78 0.666 28.565 2 42.32878 13.39447 9.61 26.0
2009 3 30 19 15 38.305617 0.81 0.456 18.974 23 42.30452 13.38779 6.69 17.0
2009 3 30 19 20 2.745305 0.7 0.6 25.728 2 42.32878 13.39447 9.61 23.0
2009 3 30 19 20 20.245305 0.6 0.52 22.31 2 42.32878 13.39447 9.61 21.0
2009 3 30 19 20 31.995304 1.72 0.674 28.927 2 42.32878 13.39447 9.61 26.0
2009 3 30 19 22 18.991041 0.55 0.39 16.875 17 42.32332 13.39272 8.67 15.0
2009 3 30 19 26 0.831444 0.84 0.53 22.041 13 42.31908 13.39649 8.14 23.0
2009 3 30 19 27 21.391042 1.3 1.0 43.315 17 42.32332 13.39272 8.67 27.0
2009 3 30 19 27 40.891042 0.76 0.345 14.934 17 42.32332 13.39272 8.67 13.0
2009 3 30 19 30 0.333573 1.58 0.627 24.802 18 42.32962 13.44121 2.7 25.0
2009 3 30 19 32 52.505617 3.02 0.812 33.774 23 42.30452 13.38779 6.69 27.0
2009 3 30 19 34 59.593605 1.19 0.549 22.154 15 42.34201 13.41437 7.12 23.0
2009 3 30 19 35 54.736134 0.86 0.47 20.172 3 42.31941 13.40577 5.37 20.0
2009 3 30 19 36 14.652850 0.98 0.4 16.386 19 42.342 13.39902 9.79 17.0
2009 3 30 19 37 17.595304 0.2 0.332 14.253 2 42.32878 13.39447 9.61 12.0
2009 3 30 19 41 34.105617 1.0 0.619 25.756 23 42.30452 13.38779 6.69 23.0
2009 3 30 19 43 49.405617 0.78 0.495 20.586 23 42.30452 13.38779 6.69 19.0
2009 3 30 19 48 56.131444 0.72 0.37 15.375 13 42.31908 13.39649 8.14 16.0
2009 3 30 19 49 31.143604 0.86 0.396 15.987 15 42.34201 13.41437 7.12 18.0
2009 3 30 19 49 47.045305 0.23 0.453 19.413 2 42.32878 13.39447 9.61 20.0
2009 3 30 19 50 21.545305 0.61 0.538 23.079 2 42.32878 13.39447 9.61 24.0
2009 3 30 19 50 58.583572 1.1 0.42 16.616 18 42.32962 13.44121 2.7 17.0
2009 3 30 19 52 48.433573 1.2 1.0 39.561 18 42.32962 13.44121 2.7 27.0
2009 3 30 19 58 51.243604 0.85 0.343 13.834 15 42.34201 13.41437 7.12 13.0
2009 3 30 19 59 6.860026 1.13 0.456 18.238 0 42.38842 13.38347 11.18 20.0
2009 3 30 20 4 45.145305 2.05 0.559 24.002 2 42.32878 13.39447 9.61 25.0
2009 3 30 20 5 53.083572 1.52 0.604 23.906 18 42.32962 13.44121 2.7 27.0
2009 3 30 20 6 33.405617 0.81 0.466 19.395 23 42.30452 13.38779 6.69 19.0
2009 3 30 20 7 48.713277 0.98 0.396 15.172 20 42.33234 13.37897 8.2 15.0
2009 3 30 20 8 1.145305 0.19 0.357 15.314 2 42.32878 13.39447 9.61 16.0
2009 3 30 20 8 44.595304 0.11 0.38 16.314 2 42.32878 13.39447 9.61 15.0
2009 3 30 20 12 34.755618 1.06 0.625 25.979 23 42.30452 13.38779 6.69 25.0
2009 3 30 20 13 21.597808 0.9 0.686 28.83 10 42.31176 13.39056 6.63 24.0
2009 3 30 20 14 57.937435 0.82 0.314 12.966 26 42.30401 13.38767 6.47 11.0
2009 3 30 20 17 16.836134 0.54 0.354 15.193 3 42.31941 13.40577 5.37 17.0
2009 3 30 20 17 51.795304 1.22 0.771 33.08 2 42.32878 13.39447 9.61 27.0
2009 3 30 20 18 26.443604 1.02 0.43 17.369 15 42.34201 13.41437 7.12 19.0
2009 3 30 20 19 36.474373 3.31 0.526 22.059 22 42.31577 13.38473 6.54 24.0
2009 3 30 20 20 11.151130 2.07 0.337 13.316 14 42.33349 13.33823 7.82 12.0
2009 3 30 20 21 40.591041 1.29 0.656 28.416 17 42.32332 13.39272 8.67 26.0
2009 3 30 20 22 23.210027 0.94 0.466 18.622 0 42.38842 13.38347 11.18 19.0
2009 3 30 20 23 36.802850 1.2 1.0 41.011 19 42.342 13.39902 9.79 27.0
2009 3 30 20 23 45.093605 1.47 0.622 25.116 15 42.34201 13.41437 7.12 25.0
2009 3 30 20 24 13.310027 0.59 0.295 11.801 0 42.38842 13.38347 11.18 11.0
2009 3 30 20 24 34.433573 1.18 0.465 18.399 18 42.32962 13.44121 2.7 23.0
2009 3 30 20 24 55.101131 0.8 0.324 12.832 14 42.33349 13.33823 7.82 13.0
2009 3 30 20 26 16.485432 0.76 0.349 14.013 12 42.31771 13.37035 10.57 13.0
2009 3 30 20 27 4.485432 0.74 0.351 14.093 12 42.31771 13.37035 10.57 15.0
2009 3 30 20 27 31.885432 0.86 0.44 17.685 12 42.31771 13.37035 10.57 17.0
2009 3 30 20 28 34.887435 0.8 0.443 18.314 26 42.30401 13.38767 6.47 20.0
2009 3 30 20 29 37.501131 0.86 0.387 15.305 14 42.33349 13.33823 7.82 15.0
2009 3 30 20 34 10.581445 0.86 0.578 24.039 13 42.31908 13.39649 8.14 22.0
2009 3 30 20 37 55.055618 1.09 0.567 23.568 23 42.30452 13.38779 6.69 23.0
2009 3 30 20 38 37.905617 0.66 0.329 13.7 23 42.30452 13.38779 6.69 13.0
2009 3 30 20 41 33.395304 0.42 0.494 21.179 2 42.32878 13.39447 9.61 24.0
2009 3 30 20 43 6.245305 1.2 0.693 29.723 2 42.32878 13.39447 9.61 26.0
2009 3 30 20 43 20.583572 1.87 0.583 23.047 18 42.32962 13.44121 2.7 27.0
2009 3 30 20 43 33.633573 1.55 0.488 19.293 18 42.32962 13.44121 2.7 22.0
2009 3 30 20 44 8.983572 0.99 0.334 13.196 18 42.32962 13.44121 2.7 14.0
2009 3 30 20 44 32.836134 0.69 0.519 22.271 3 42.31941 13.40577 5.37 23.0
2009 3 30 20 45 23.487436 0.84 0.368 15.211 26 42.30401 13.38767 6.47 16.0
2009 3 30 20 48 40.905617 1.26 0.665 27.642 23 42.30452 13.38779 6.69 27.0
2009 3 30 20 52 45.705617 0.75 0.516 21.466 23 42.30452 13.38779 6.69 21.0
2009 3 30 20 54 37.437435 0.6 0.311 12.842 26 42.30401 13.38767 6.47 9.0
2009 3 30 20 55 32.795304 0.21 0.439 18.823 2 42.32878 13.39447 9.61 19.0
2009 3 30 20 55 52.252850 0.59 0.412 16.901 19 42.342 13.39902 9.79 14.0
2009 3 30 20 59 1.945305 0.4 0.624 26.758 2 42.32878 13.39447 9.61 25.0
2009 3 30 21 4 6.145305 0.27 0.428 18.381 2 42.32878 13.39447 9.61 17.0
2009 3 30 21 5 35.636134 0.43 0.325 13.95 3 42.31941 13.40577 5.37 14.0
2009 3 30 21 6 39.760026 1.0 0.463 18.508 0 42.38842 13.38347 11.18 19.0
2009 3 30 21 6 46.141041 0.92 0.461 19.977 17 42.32332 13.39272 8.67 20.0
2009 3 30 21 6 51.595304 1.11 0.857 36.746 2 42.32878 13.39447 9.61 27.0
2009 3 30 21 14 31.545305 0.13 0.449 19.251 2 42.32878 13.39447 9.61 16.0
2009 3 30 21 17 27.705617 1.73 0.704 29.292 23 42.30452 13.38779 6.69 26.0
2009 3 30 21 19 53.137434 0.98 0.436 18.011 26 42.30401 13.38767 6.47 20.0
2009 3 30 21 24 29.405617 1.1 0.674 28.021 23 42.30452 13.38779 6.69 27.0
2009 3 30 21 30 53.393605 0.84 0.418 16.876 15 42.34201 13.41437 7.12 18.0
2009 3 30 21 35 55.913277 1.0 1.0 38.307 20 42.33234 13.37897 8.2 27.0
2009 3 30 21 35 59.386135 0.59 0.3 12.889 3 42.31941 13.40577 5.37 12.0
2009 3 30 21 37 24.409095 1.3 1.0 40.495 21 42.4657 13.42597 19.82 27.0
2009 3 30 21 38 34.255618 0.63 0.538 22.386 23 42.30452 13.38779 6.69 22.0
2009 3 30 21 43 50.367804 0.72 0.367 15.413 11 42.328 13.33732 11.58 14.0
2009 3 30 21 44 35.555618 0.56 0.432 17.964 23 42.30452 13.38779 6.69 16.0
2009 3 30 21 48 38.681445 0.52 0.336 13.981 13 42.31908 13.39649 8.14 14.0
2009 3 30 21 52 52.481445 0.64 0.453 18.862 13 42.31908 13.39649 8.14 20.0
2009 3 30 21 54 56.095304 0.12 0.358 15.377 2 42.32878 13.39447 9.61 17.0
2009 3 30 21 57 17.895304 3.45 0.629 26.984 2 42.32878 13.39447 9.61 24.0
2009 3 30 21 59 14.833573 1.4 0.302 11.935 18 42.32962 13.44121 2.7 11.0
2009 3 30 21 59 58.283572 1.22 0.545 21.556 18 42.32962 13.44121 2.7 23.0
2009 3 30 22 0 34.763278 1.01 0.453 17.359 20 42.33234 13.37897 8.2 19.0
2009 3 30 22 1 51.905617 0.62 0.458 19.065 23 42.30452 13.38779 6.69 18.0
2009 3 30 22 4 14.655661 0.45 0.369 15.319 6 42.31381 13.38686 6.27 13.0
2009 3 30 22 4 41.286135 1.41 0.466 20.015 3 42.31941 13.40577 5.37 22.0
2009 3 30 22 5 27.095304 0.04 0.359 15.418 2 42.32878 13.39447 9.61 15.0
2009 3 30 22 5 54.551130 0.74 0.414 16.369 14 42.33349 13.33823 7.82 15.0
2009 3 30 22 6 36.055661 0.47 0.388 16.089 6 42.31381 13.38686 6.27 15.0
2009 3 30 22 7 41.805660 0.52 0.363 15.047 6 42.31381 13.38686 6.27 15.0
2009 3 30 22 7 56.195304 0.1 0.407 17.454 2 42.32878 13.39447 9.61 19.0
2009 3 30 22 8 12.674373 1.2 1.0 41.941 22 42.31577 13.38473 6.54 27.0
2009 3 30 22 9 43.045305 0.07 0.473 20.312 2 42.32878 13.39447 9.61 20.0
2009 3 30 22 11 0.295304 0.13 0.305 13.077 2 42.32878 13.39447 9.61 10.0
2009 3 30 22 12 39.695304 0.04 0.355 15.25 2 42.32878 13.39447 9.61 13.0
2009 3 30 22 13 2.945305 0.14 0.423 18.14 2 42.32878 13.39447 9.61 16.0
2009 3 30 22 18 38.905617 1.1 1.0 41.587 23 42.30452 13.38779 6.69 27.0
2009 3 30 22 25 4.337434 0.7 0.439 18.122 26 42.30401 13.38767 6.47 18.0
2009 3 30 22 25 11.986135 0.61 0.41 17.591 3 42.31941 13.40577 5.37 16.0
2009 3 30 22 27 25.433573 0.89 0.329 13.017 18 42.32962 13.44121 2.7 15.0
2009 3 30 22 28 2.751130 0.63 0.351 13.895 14 42.33349 13.33823 7.82 14.0
2009 3 30 22 28 41.537435 0.63 0.38 15.691 26 42.30401 13.38767 6.47 17.0
2009 3 30 22 30 8.536134 0.56 0.496 21.292 3 42.31941 13.40577 5.37 21.0
2009 3 30 22 31 19.995304 0.13 0.48 20.603 2 42.32878 13.39447 9.61 20.0
2009 3 30 22 37 8.937435 0.57 0.342 14.114 26 42.30401 13.38767 6.47 14.0
2009 3 30 22 40 4.110027 0.63 0.52 20.775 0 42.38842 13.38347 11.18 21.0
2009 3 30 22 42 6.545305 0.09 0.409 17.526 2 42.32878 13.39447 9.61 16.0
2009 3 30 22 50 21.405617 0.65 0.494 20.559 23 42.30452 13.38779 6.69 21.0
2009 3 30 22 51 11.295304 0.03 0.369 15.84 2 42.32878 13.39447 9.61 13.0
2009 3 30 22 52 12.854877 1.0 1.0 42.135 24 42.31454 13.38168 7.29 27.0
2009 3 30 22 54 23.905617 0.52 0.397 16.491 23 42.30452 13.38779 6.69 15.0
2009 3 30 23 0 50.993605 0.75 0.409 16.501 15 42.34201 13.41437 7.12 17.0
2009 3 30 23 4 19.093605 0.82 0.466 18.813 15 42.34201 13.41437 7.12 19.0
2009 3 30 23 11 7.105617 1.04 0.641 26.661 23 42.30452 13.38779 6.69 24.0
2009 3 30 23 11 51.535431 0.66 0.389 15.644 12 42.31771 13.37035 10.57 13.0
2009 3 30 23 16 28.837434 0.5 0.458 18.931 26 42.30401 13.38767 6.47 20.0
2009 3 30 23 17 39.355618 0.36 0.39 16.207 23 42.30452 13.38779 6.69 17.0
2009 3 30 23 21 59.302268 1.0 1.0 40.457 25 42.27312 13.25361 14.93 27.0
2009 3 30 23 25 0.813277 1.2 0.467 17.896 20 42.33234 13.37897 8.2 20.0
2009 3 30 23 27 22.133573 1.03 0.429 16.956 18 42.32962 13.44121 2.7 20.0
2009 3 30 23 30 10.135431 0.64 0.42 16.895 12 42.31771 13.37035 10.57 15.0
2009 3 30 23 33 59.985432 0.53 0.367 14.733 12 42.31771 13.37035 10.57 15.0
2009 3 30 23 35 23.655618 0.46 0.392 16.293 23 42.30452 13.38779 6.69 14.0
2009 3 30 23 35 58.183572 0.94 0.435 17.222 18 42.32962 13.44121 2.7 17.0
2009 3 30 23 42 52.002851 0.54 0.438 17.983 19 42.342 13.39902 9.79 16.0
2009 3 30 23 45 0.695304 0.01 0.388 16.655 2 42.32878 13.39447 9.61 12.0
2009 3 30 23 46 13.655618 1.25 0.685 28.476 23 42.30452 13.38779 6.69 27.0
2009 3 30 23 48 54.495304 0.09 0.407 17.455 2 42.32878 13.39447 9.61 18.0
2009 3 30 23 53 37.855618 0.4 0.351 14.612 23 42.30452 13.38779 6.69 12.0
2009 3 30 23 55 39.937435 1.1 1.0 41.319 26 42.30401 13.38767 6.47 27.0
